.Random.seed <-
c(403L, 10L, 1326291696L, 601223566L, 1988812537L, 779570315L, 
-374098758L, -407064644L, -110908161L, -1831100331L, 597881708L, 
773860290L, 197712925L, 295271575L, -649553410L, 2023225784L, 
-2096892517L, 46210041L, -1807940792L, 102878838L, -2115352655L, 
1827133923L, 369962674L, 1153073924L, 65232967L, 62531357L, -2119590508L, 
2089591098L, 751558021L, -1840646561L, 1531732198L, 1302733680L, 
1483490451L, -201350863L, 1958143968L, 1899023486L, -1674019063L, 
-658169541L, -2079210230L, -750347028L, -1773786769L, 1012641445L, 
-1682710436L, -1946912718L, -895627475L, 44563943L, -737853170L, 
-1301911832L, 915597547L, 787573129L, -629090024L, 2108443718L, 
-839920479L, 1985313587L, 428130978L, -299304556L, -1159600105L, 
-718778355L, -1322543836L, 473067786L, -175658891L, -1830820913L, 
396563670L, 710214784L, -842483005L, 1134445665L, -1180605232L, 
1753208366L, 1111754713L, -1003100181L, -1975411110L, -964102116L, 
-995105505L, 708281717L, 1264604172L, 1658172898L, -3225923L, 
84394295L, -927218210L, -319153384L, -2111237509L, -441688039L, 
166434984L, 1590876758L, -1485093167L, 1387284099L, -1848615662L, 
-1595914076L, -90380185L, -276231747L, 418480948L, -1587885926L, 
-821211419L, -1673992065L, 744268294L, 2110213520L, 784011315L, 
1891680209L, 850744704L, -1658177442L, -271657047L, 1250299483L, 
-56634774L, 647454476L, -1110140593L, -1536335355L, 401174716L, 
-150832750L, -14503283L, -1820802873L, -1667590738L, -352673784L, 
-1737288693L, 1398616297L, -532418632L, 917702758L, 852850945L, 
-354988141L, -1697447870L, -884520972L, 487395831L, -1871178259L, 
1993922180L, 1361471658L, -1841973739L, -1564751185L, -702111562L, 
-313917728L, 232170019L, 889916737L, 1144197168L, -65918386L, 
1109774009L, -2117731637L, -239608966L, -175428996L, 2002091711L, 
1163356053L, -1101398100L, 990788994L, -1021344931L, -658829737L, 
-280310466L, -1944519304L, 1294298715L, -984430151L, -1832436728L, 
392644278L, -1992387087L, 1062366243L, 83010674L, -1374619964L, 
-1500344185L, 576861277L, -1223198124L, 1853599866L, 910136261L, 
1746797855L, -1602288474L, 1977980464L, 1442729171L, 1065018097L, 
462238240L, 1972663486L, -1071529783L, -2058665349L, -234026934L, 
-967362388L, 837722031L, 1467501413L, -2073239268L, -1727805070L, 
213277165L, 1723166247L, 1294974542L, 867213992L, 85156011L, 
2061773257L, -579672616L, -631548794L, 219806049L, 645258483L, 
-1431788702L, 357576148L, 1294297303L, -131499315L, 2053605988L, 
-650526646L, -446552651L, 1538066703L, -32917994L, 929796288L, 
-346683773L, 1508516513L, 928687248L, -626217106L, 9120025L, 
1951689131L, -1858525286L, -1182288036L, 1523574367L, -1710098891L, 
-1044040244L, -1856072414L, -1135575171L, -750545801L, -1622513250L, 
1574027352L, 2030951867L, -1707814055L, -1936334616L, -1093967594L, 
1926578833L, -1071550653L, 1752238674L, -1968243484L, 643131175L, 
-346684547L, 316356212L, 816900186L, -1994108763L, 793645759L, 
1341475142L, 312090576L, 41834995L, 1849701649L, -74518208L, 
-336109282L, 212964841L, -560132120L, 576525260L, -1075910916L, 
2073060338L, 1203252352L, -1204008716L, 1297399944L, -2049220294L, 
-864629936L, 1146126444L, -228639596L, 392643922L, 2080926432L, 
1300720844L, 827970720L, 1990915458L, 691045608L, 1432331500L, 
719181884L, 229985394L, -112280464L, 1773785636L, -586332616L, 
1549230618L, 2049543376L, 1169518140L, -1541965676L, -1275689854L, 
-263855168L, 1127606588L, -1232195952L, -51031006L, -487235576L, 
2037400716L, 1856191516L, -1000136558L, 2108988544L, -97244140L, 
2072172328L, 1248493626L, 300169424L, -1879953300L, 8898228L, 
805997586L, 414139360L, -1159670836L, -810567200L, 126044194L, 
508415272L, 943255820L, 400896572L, 1809287410L, -76378896L, 
-1836810428L, 1010424920L, -2140295622L, 2098166000L, 1316611772L, 
947757588L, -968469310L, -1965319584L, 354668924L, 633547984L, 
215265314L, 1629082792L, 585060748L, -362978884L, -841020366L, 
431542080L, -1419334988L, 1763044680L, 355645114L, -1124984048L, 
1376422124L, 1395518548L, 1001521938L, 1698573728L, -139741236L, 
673418080L, -80573246L, -1798905304L, 1497087404L, 643433276L, 
1653550962L, 1304624944L, -1690969052L, 881209912L, -64928038L, 
-657464432L, -391352068L, 1817258388L, -2136212670L, -643198464L, 
1520694332L, -713962928L, 1863791778L, -1767938232L, -360782324L, 
173299420L, 1439162450L, 1803317376L, 1388876628L, 1051931624L, 
-1918520582L, -141914288L, -903483348L, 1649406324L, -1252267374L, 
943067744L, -2136482676L, 701025632L, 1323524322L, 1925904552L, 
1117479628L, -1750088196L, -725305422L, 845410288L, -944947772L, 
-1104287400L, -1239929478L, -1185702480L, 1715558844L, 118188628L, 
-720613950L, 2020272928L, -1828680772L, -973425584L, 1215805410L, 
-1849353368L, -283400372L, -587433220L, -437062926L, 2064257280L, 
-1883753356L, -14632440L, 295657914L, 905779664L, 1879380972L, 
229308308L, -1296390958L, 1438724192L, -460400308L, -798458080L, 
-1815182718L, 1576710632L, 781878252L, 144752188L, 249492082L, 
-233834640L, -1505246940L, 1813265976L, 484150682L, 1290802640L, 
1773318588L, -1645978988L, 34412162L, 93657536L, 1207213884L, 
-1294784880L, 880567074L, -1473958392L, 1308550924L, 866336668L, 
-484607982L, 1701356416L, -1266450668L, -339744472L, 1396086842L, 
442386384L, -877272468L, -1299061708L, 937962642L, -220097184L, 
1297547596L, -626064928L, 1709242274L, 820436904L, -984732532L, 
-1488786500L, 1564508274L, 139375600L, 1775755332L, -1080937384L, 
-1943427014L, -1590083472L, -1485706692L, 135097108L, 639418050L, 
41131744L, 1372382332L, 1536995536L, 145408930L, -1825160664L, 
-2104533748L, -1007055940L, 226487602L, 169632960L, -1104609740L, 
-733526328L, -122106182L, 1228736656L, -1291130132L, 581763668L, 
-1174247790L, 1346960160L, 1374436300L, -1896246048L, -1460610366L, 
1888403496L, -1043274836L, -1699163460L, -776249870L, -1362678224L, 
-414791772L, -161192520L, -388528294L, -1388296048L, 1151353724L, 
1694702356L, 1842438466L, -1335016704L, 1734518716L, -1971076272L, 
1354231074L, 941880904L, -753481716L, -18519972L, -1461720799L, 
-79585050L, -1477523996L, -772505323L, 127605055L, 2057258200L, 
323415286L, 1906169603L, -1999802299L, -793653150L, -673572912L, 
-193598215L, 1336780331L, -2022076004L, 2061644234L, -98217281L, 
1484235785L, -1076439778L, 2084133068L, -456487779L, -372674265L, 
-1624065200L, -985414162L, -231169381L, 885114109L, -1620784150L, 
-874009464L, 1480946225L, -659389277L, -1610774364L, -2118018734L, 
1796269223L, -539164431L, -2025605066L, 1466034388L, 1743854693L, 
784094831L, 1484470440L, 999941638L, -82737357L, 758293397L, 
1878743026L, 1429140544L, -905310807L, 1910072347L, 2018025964L, 
-1022551558L, -1627488721L, 42330681L, -60529586L, 806202524L, 
-1859510771L, -550690185L, 1619939968L, 1276405982L, 1110393771L, 
60247213L, -644419302L, 570844632L, 425639489L, -2133846797L, 
-1136999660L, 601436834L, -2127287369L, 310257537L, -546820730L, 
-577880124L, 441516789L, 773666655L, 130963896L, 831414422L, 
-1533483357L, -1939044251L, -991150718L, 1320943344L, -1065749863L, 
1732195979L, 1791883132L, 2002270634L, 316035551L, -932206743L, 
-1855795330L, 557487980L, -1616294979L, 1670895751L, 382825584L, 
576458510L, 977089595L, -1418405091L, 385659338L, 500480744L, 
441658833L, -626401341L, -1151375164L, -1197664398L, -1659483577L, 
-770508271L, 1087099798L, 1503237876L, -2107393915L, 456838607L, 
-162416440L, 1930195302L, 800752531L, -1298846475L, 174533842L, 
1450720032L, 1544819465L, 690271291L, 487831948L, 1580978202L, 
-1806951281L, 1304200153L, -905624466L, -971528196L, 1651277165L, 
1909970711L, 1236911840L, -1012009794L, 1880228491L, -1357985523L, 
-980509382L, 1643208056L, 777230113L, 583749587L, 667703028L, 
-930527358L, -864883177L, -1277147935L, 725836326L, -1713274076L, 
611535829L, 507317119L, 1699163672L, -1533872842L, -2087040061L, 
278450693L, -1061246558L, 1271967120L, 1797414201L, 1169684971L, 
2103450332L, -807624950L, 2040893951L, 1145141321L, -643001890L, 
301775244L, -720349859L, -1379461785L, 908084880L, 1197435054L, 
